1 64
10
0.01
100935.065603
100000.000000
0.001850
-8604.016077 20658.382000 -8050.913656 12799.893957 -8604.016077 -17496.080138 -1289.263430 48732.993793 2901.459627 16218.372014
13643.720289 -17735.035413 -8284.425810 4489.137174 -1846.787637 21586.296624 -6703.863358 1451.055981 6842.405591 -37663.636991
-15251.591613 -6698.519343 8079.747040 14162.070421 2901.182554 -4558.304750 -4931.232917 -8836.748364 -8797.661932 -1624.818790
-12584.376476 -8175.686567 9955.857329 -25362.986845 -18888.857891 41895.054678 -27985.026135 21273.603944 -18257.932888 11812.615274
18557.375221 -2684.811453 8082.831442 -6323.567124 32586.651177 13030.894973 -7762.576128 -7534.581478 16607.404934 -1413.170111
-4322.548450 -9560.588709 10339.110852 -2431.018506 -223.094496 11918.160010 8967.755731 -136.385569 -3957.195318 -8920.964832
-577.874923 -1950.910116 0.000000 1189.307824 2502.050539 2462.082359 2503.333132 2492.322404 2502.050539 2457.898970 2519.443482 2249.683606 2513.407689 2530.631052
2491.405352 2467.199975 2499.905196 2568.114403 2455.274135 2472.358426 2493.998284 2471.915284 2467.135157 2326.937994
2461.503143 2483.270196 2556.361483 2483.100967 2483.074470 2530.733091 2505.447664 2487.139222 2451.343822 2567.967179
2485.468619 2474.773890 2467.119521 2426.343459 2483.991963 2292.489115 2357.095173 2520.083089 2453.299779 2474.815879
2442.669166 2510.259425 2521.789555 2477.881347 2361.452646 2512.076167 2501.499770 2492.782813 2471.933756 2511.250113
2507.908887 2477.785489 2474.442883 2509.238281 2511.650879 2483.571368 2508.325567 2511.657295 2508.306024 2493.122108
2493.615957 2511.036258 2511.661124 2510.642519 