1 64
10
0.01
100935.065603
100000.000000
-0.001830
8623.752164 -20564.542645 8069.746171 -12735.481190 8623.752164 17496.339481 1794.163561 -48788.840864 -2750.204302 -14978.842136
-12815.208603 17642.948475 8150.948141 -4344.689880 2407.008684 -21422.318684 7276.411564 435.282593 -4474.463074 37251.462798
14689.905341 7694.411346 -6212.272826 -12880.723028 -1579.317922 4893.263142 5871.169855 9628.717218 9133.518396 2474.898737
12494.404841 9214.084085 -8573.721358 25301.647238 19119.215446 -40105.444625 28156.048489 -21555.659837 18095.012573 -11195.632043
-17118.466165 2678.989678 -8126.622586 6621.772427 -30224.819243 -13065.655571 7739.809501 7891.971394 -15290.940963 1409.651703
4296.582681 9960.967825 -9247.937304 2401.686488 222.553180 -11272.089136 -8579.718227 136.054781 3942.770914 8918.609906
886.636044 1947.489959 0.000000 -773.676869 2480.002339 2435.501394 2480.949716 2468.164707 2480.002339 2468.403137 2481.161800 2202.566120 2484.685506 2410.499083
2466.035540 2456.803140 2483.609411 2427.535301 2543.762212 2415.901366 2494.213539 2528.734119 2526.226776 2339.749163
2485.069910 2504.498067 2431.778601 2472.639423 2516.390641 2463.941805 2487.928158 2492.289411 2530.706289 2431.365511
2476.044927 2507.856549 2512.294009 2419.617581 2428.909638 2310.510977 2453.419528 2368.975901 2466.288713 2493.401282
2479.970091 2488.033471 2462.361666 2512.071903 2403.015334 2446.579500 2483.845900 2492.749226 2466.317629 2488.315949
2487.584610 2498.997192 2502.502337 2489.388814 2488.391096 2483.778559 2472.935455 2488.392299 2487.923529 2487.400052
2506.411915 2488.095419 2488.393017 2489.221336 